1 10 20
100 200 125
201 210 89
900 1000 174
1000 900 174
1 1 1
10 1 20
1 9999 262
9999 1 262
55 55 113
100 1 119
150 450 144
450 150 144
9999 9999 92
677 777 171
8000 7999 190
7999 8000 190
200 100 125
210 201 89
23 5634 238
5634 23 238
9001 4232 262
4232 9001 262
67 67 28
7000 7000 32
7000 7001 32
7001 7000 32
553 551 137
551 553 137
555 555 31
665 654 145
654 665 145
666 666 114
54 45 113
45 54 113
111 11 119
11 111 119
111 111 70
123 321 131
321 123 131
222 222 71
333 333 113
401 401 20
888 888 73
1111 1111 32
1011 1111 169
1111 1011 169
3333 3333 31
4444 4444 34
5555 5555 130
555 5555 238
5555 555 238
201 202 27
202 201 27
301 303 43
303 301 43
707 707 127
71 77 116
77 71 116
31 33 107
33 31 107
699 699 65
833 845 135
845 833 135
2 2423 183
2423 2 183
20 2423 183
2423 20 183
7 89 116
89 7 116
52 99 119
99 52 119
1111 1211 182
1211 1111 182
63 63 108
63 64 108
64 63 108
31 9999 262
9999 31 262
41 1000 179
1000 41 179
5001 5002 65
5002 5001 65
3007 3008 155
3008 3007 155
92 92 18
92 99 119
99 92 119
445 455 116
455 445 116
503 520 124
520 503 124
600 623 132
623 600 132
5000 5007 179
5007 5000 179
8995 8999 185
8999 8995 185
771 778 153
778 771 153
233 242 128
242 233 128
336 339 113
339 336 113
68 70 15
70 68 15
100 110 114
110 100 114
88 93 93
93 88 93
1111 1211 182
6582 8329 257
